[result]
best_epoch=30
best_validation=0.071002
complete=1
cost_multiply_add=5905248
epoch=100
max_epoch=100
schedule=0
training=3e-06
validation=0.087393
[statistics]
Output=194150
CostParameter=25063
CostAdd=178602
CostMultiply=86912
CostMultiplyAdd=5905248
CostDivision=5
CostExp=5
CostIf=90112
